{
 "cells": [
  {
   "cell_type": "code",
   "execution_count": 1,
   "id": "ba55c36b",
   "metadata": {},
   "outputs": [
    {
     "name": "stderr",
     "output_type": "stream",
     "text": [
      "/home/hiraeth/anaconda3/envs/smps/lib/python3.10/site-packages/fs/__init__.py:4: UserWarning: pkg_resources is deprecated as an API. See https://setuptools.pypa.io/en/latest/pkg_resources.html. The pkg_resources package is slated for removal as early as 2025-11-30. Refrain from using this package or pin to Setuptools<81.\n",
      "  __import__(\"pkg_resources\").declare_namespace(__name__)  # type: ignore\n"
     ]
    }
   ],
   "source": [
    "import pandas as pd\n",
    "import seaborn as sns\n",
    "import matplotlib.pyplot as plt\n",
    "from pylab import rcParams\n",
    "\n",
    "from statsforecast import StatsForecast\n",
    "from statsforecast.models import AutoARIMA, AutoETS\n",
    "from statsforecast.arima import arima_string\n",
    "\n",
    "from statsmodels.graphics.tsaplots import plot_acf\n",
    "from statsmodels.graphics.tsaplots import plot_pacf\n",
    "\n",
    "from src.data.loaders import CommodityLoader\n",
    "from src.utils.split_series import split_series\n",
    "from src.evaluation.evaluation import MetricEvaluator\n",
    "\n",
    "import pmdarima as pm\n",
    "from sktime.forecasting.exp_smoothing import ExponentialSmoothing as SKETS\n",
    "from sktime.forecasting.base import ForecastingHorizon"
   ]
  },
  {
   "cell_type": "code",
   "execution_count": 14,
   "id": "57481e00",
   "metadata": {},
   "outputs": [],
   "source": [
    "def get_arima_orders(sf_arima):\n",
    "    info = getattr(sf_arima, \"model_\", None)\n",
    "    if not isinstance(info, dict) or \"arma\" not in info:\n",
    "        raise ValueError(\"Não foi possível encontrar 'arma' em sf_arima.model_\")\n",
    "    p, d, q, P, D, Q, m = info[\"arma\"]\n",
    "    order = (int(p), int(d), int(q))\n",
    "    seasonal_order = None if m <= 1 or (P, D, Q) == (0, 0, 0) else (int(P), int(D), int(Q), int(m))\n",
    "    return order, seasonal_order\n",
    "\n",
    "def get_ets_spec(sf_ets, default_sp):\n",
    "    info = getattr(sf_ets, \"model_\", None)\n",
    "    code = info.get(\"model\", \"ANN\")\n",
    "    trend_code = code[1] if len(code) > 1 else \"N\"\n",
    "    seas_code  = code[2] if len(code) > 2 else \"N\"\n",
    "    trend = {\"A\": \"add\", \"M\": \"mul\", \"N\": None}.get(trend_code, None)\n",
    "    seasonal = {\"A\": \"add\", \"M\": \"mul\", \"N\": None}.get(seas_code, None)\n",
    "    phi = info.get(\"phi\", None)\n",
    "    damped = (phi is not None) and (phi != 1)\n",
    "    sp = int(info.get(\"m\", info.get(\"season_length\", default_sp)))\n",
    "    return {\"trend\": trend, \"seasonal\": seasonal, \"damped_trend\": damped, \"sp\": sp}"
   ]
  },
  {
   "cell_type": "code",
   "execution_count": 15,
   "id": "2ffa288c",
   "metadata": {},
   "outputs": [],
   "source": [
    "# ---------------------------\n",
    "# Rollout multi-série\n",
    "# ---------------------------\n",
    "def one_step_multiseries(full_train, test, models_trained, season_length=12):\n",
    "    first_row = models_trained[0]\n",
    "    col_map = {type(first_row[j]).__name__: j for j in range(len(first_row))}\n",
    "    j_arima = col_map[\"AutoARIMA\"]\n",
    "    j_ets   = col_map[\"AutoETS\"]\n",
    "\n",
    "    uids = full_train[\"unique_id\"].unique().tolist()\n",
    "    all_preds = []\n",
    "\n",
    "    for i, uid in enumerate(uids):\n",
    "        y_tr = full_train[full_train[\"unique_id\"] == uid].set_index(\"ds\")[\"y\"].astype(float)\n",
    "        y_te = test[test[\"unique_id\"] == uid].set_index(\"ds\")[\"y\"].astype(float)\n",
    "        if y_te.empty: \n",
    "            continue\n",
    "\n",
    "        sf_arima = models_trained[i, j_arima]\n",
    "        sf_ets   = models_trained[i, j_ets]\n",
    "\n",
    "        # ARIMA (pmdarima)\n",
    "        order, seasonal_order = get_arima_orders(sf_arima)\n",
    "        if seasonal_order is None:\n",
    "            arima = pm.ARIMA(order=order, suppress_warnings=True)\n",
    "        else:\n",
    "            arima = pm.ARIMA(order=order, seasonal_order=seasonal_order, suppress_warnings=True)\n",
    "        arima.fit(y_tr.to_timestamp())  # pmdarima usa DatetimeIndex\n",
    "\n",
    "        # ETS (sktime)\n",
    "        ets_spec = get_ets_spec(sf_ets, default_sp=season_length)\n",
    "        ets = SKETS(\n",
    "            trend=ets_spec[\"trend\"],\n",
    "            damped_trend=ets_spec[\"damped_trend\"],\n",
    "            seasonal=ets_spec[\"seasonal\"],\n",
    "            sp=ets_spec[\"sp\"],\n",
    "            initialization_method=\"estimated\",\n",
    "        )\n",
    "        ets.fit(y_tr)\n",
    "\n",
    "        preds = []\n",
    "        for ts, y_true in y_te.items():\n",
    "            # ARIMA\n",
    "            yhat_arima = arima.predict(1)[0]\n",
    "            arima.update(y_true)\n",
    "\n",
    "            # ETS\n",
    "            fh = ForecastingHorizon(pd.PeriodIndex([ts], freq=\"M\"), is_relative=False)\n",
    "            yhat_ets = ets.predict(fh).iloc[0]\n",
    "            ets.update(\n",
    "                pd.Series([y_true], index=pd.PeriodIndex([ts], freq=\"M\")),\n",
    "                update_params=False\n",
    "            )\n",
    "\n",
    "            preds.append({\n",
    "                \"unique_id\": uid,\n",
    "                \"ds\": ts,\n",
    "                \"yhat_arima\": float(yhat_arima),\n",
    "                \"yhat_ets\": float(yhat_ets),\n",
    "            })\n",
    "\n",
    "        all_preds.append(pd.DataFrame(preds))\n",
    "\n",
    "    return pd.concat(all_preds, ignore_index=True)\n"
   ]
  },
  {
   "cell_type": "code",
   "execution_count": 2,
   "id": "db4684b2",
   "metadata": {},
   "outputs": [
    {
     "name": "stdout",
     "output_type": "stream",
     "text": [
      "ദ്ദി・ᴗ・)✧ acucar_santos carregado com sucesso\n",
      "ദ്ദി・ᴗ・)✧ acucar_sp carregado com sucesso\n",
      "ദ്ദി・ᴗ・)✧ algodao carregado com sucesso\n",
      "ദ്ദി・ᴗ・)✧ arroz carregado com sucesso\n",
      "ദ്ദി・ᴗ・)✧ cafe_arabica carregado com sucesso\n",
      "ദ്ദി・ᴗ・)✧ cafe_robusta carregado com sucesso\n",
      "ദ്ദി・ᴗ・)✧ milho carregado com sucesso\n",
      "ദ്ദി・ᴗ・)✧ soja_parana carregado com sucesso\n",
      "ദ്ദി・ᴗ・)✧ soja_paranagua carregado com sucesso\n",
      "ദ്ദി・ᴗ・)✧ trigo_parana carregado com sucesso\n",
      "ദ്ദി・ᴗ・)✧ trigo_rs carregado com sucesso\n"
     ]
    }
   ],
   "source": [
    "df_brl = CommodityLoader.load_all_commodities(\n",
    "    currency='BRL',\n",
    "    preprocessing=True,\n",
    "    monthly_aggregation='mean',\n",
    "    limit_date=None\n",
    ")"
   ]
  },
  {
   "cell_type": "code",
   "execution_count": 3,
   "id": "29a1ef25",
   "metadata": {},
   "outputs": [
    {
     "name": "stdout",
     "output_type": "stream",
     "text": [
      "Splitted data into TRAIN with size 1605, VALIDATION with size 406 and TEST with size 868\n"
     ]
    }
   ],
   "source": [
    "train, val, test = split_series(df_brl)\n",
    "full_train = pd.concat([train, val])"
   ]
  },
  {
   "cell_type": "code",
   "execution_count": 4,
   "id": "ad521db0",
   "metadata": {},
   "outputs": [],
   "source": [
    "season_length = 12\n",
    "\n",
    "models = [\n",
    "    AutoARIMA(season_length=season_length),\n",
    "    AutoETS(model=\"AZN\")\n",
    "]\n",
    "\n",
    "sf = StatsForecast(models=models, freq='MS')\n",
    "sf_models = sf.fit(full_train)"
   ]
  },
  {
   "cell_type": "code",
   "execution_count": 6,
   "id": "4834efcc",
   "metadata": {},
   "outputs": [
    {
     "name": "stdout",
     "output_type": "stream",
     "text": [
      "[[AutoARIMA AutoETS]\n",
      " [AutoARIMA AutoETS]\n",
      " [AutoARIMA AutoETS]\n",
      " [AutoARIMA AutoETS]\n",
      " [AutoARIMA AutoETS]\n",
      " [AutoARIMA AutoETS]\n",
      " [AutoARIMA AutoETS]\n",
      " [AutoARIMA AutoETS]\n",
      " [AutoARIMA AutoETS]\n",
      " [AutoARIMA AutoETS]\n",
      " [AutoARIMA AutoETS]]\n"
     ]
    }
   ],
   "source": [
    "models_trained = sf_models.fitted_\n",
    "print(models_trained)"
   ]
  },
  {
   "cell_type": "code",
   "execution_count": 9,
   "id": "9ec81b55",
   "metadata": {},
   "outputs": [
    {
     "name": "stdout",
     "output_type": "stream",
     "text": [
      "[AutoARIMA AutoETS]\n",
      "{'AutoARIMA': 0, 'AutoETS': 1}\n",
      "0 1\n"
     ]
    }
   ],
   "source": [
    "first_row = models_trained[0]\n",
    "print(first_row)\n",
    "\n",
    "col_map = {type(first_row[j]).__name__: j for j in range(len(first_row))}\n",
    "print(col_map)\n",
    "\n",
    "j_arima = col_map[\"AutoARIMA\"]\n",
    "j_ets   = col_map[\"AutoETS\"]\n",
    "print(j_arima, j_ets)"
   ]
  },
  {
   "cell_type": "code",
   "execution_count": 20,
   "id": "0ef0fb58",
   "metadata": {},
   "outputs": [
    {
     "name": "stdout",
     "output_type": "stream",
     "text": [
      "['ACUCAR_SANTOS', 'ACUCAR_SP', 'ALGODAO', 'ARROZ', 'CAFE_ARABICA', 'CAFE_ROBUSTA', 'MILHO', 'SOJA_PARANA', 'SOJA_PARANAGUA', 'TRIGO_PARANA', 'TRIGO_RS']\n",
      "0 ACUCAR_SANTOS\n",
      "<class 'pandas.core.series.Series'>\n",
      "<class 'pandas.core.series.Series'>\n",
      "AutoARIMA <class 'statsforecast.models.AutoARIMA'>\n",
      "AutoETS <class 'statsforecast.models.AutoETS'>\n",
      "{'coef': {'drift': 2.289644628099174}, 'sigma2': 34.32224803783469, 'var_coef': array([[0.02272727]]), 'mask': array([ True]), 'loglik': -139.71491366568836, 'aic': 283.4298273313767, 'arma': (0, 0, 0, 0, 1, 1, 0), 'residuals': array([  0.07113896,   5.91783012,  -4.0193921 ,  -5.08250826,\n",
      "         5.23535537,  -4.34814463,  -3.65355767,   5.23903032,\n",
      "        -5.34916844,   9.88987918,  -2.01940653,  -7.40414463,\n",
      "         9.85880274,   3.70696356,  -0.7373741 ,  -2.42747072,\n",
      "        -2.38012082,  -8.32059701,   1.80368871,   8.5393597 ,\n",
      "        -0.55198229,   4.63328394,  -0.41264463,   0.86328394,\n",
      "        -5.90202558, -10.52185014,   2.57305872,  -7.01024271,\n",
      "        -2.99813745,  -0.03438489,   4.97654585,  -8.25546243,\n",
      "         4.2452208 ,   0.79390299,   2.72685537,   0.50364109,\n",
      "        -3.70211216,   5.44520386,   0.27238436,   2.68165972,\n",
      "         2.50308264, -12.39903857,  -6.52773987,   7.81120423,\n",
      "        13.83726842]), 'code': 2, 'n_cond': 0, 'nobs': 44, 'model': {'phi': array([], dtype=float64), 'theta': array([], dtype=float64), 'delta': array([1.]), 'Z': array([1., 1.]), 'a': array([13.83726842, 57.30172332]), 'P': array([[ 0.00000000e+00, -7.42087638e-23],\n",
      "       [-7.42087638e-23,  7.42087638e-23]]), 'T': array([[0., 0.],\n",
      "       [1., 1.]]), 'V': array([[1., 0.],\n",
      "       [0., 0.]]), 'h': 0.0, 'Pn': array([[1.00000000e+00, 0.00000000e+00],\n",
      "       [0.00000000e+00, 7.42087638e-23]])}, 'xreg': array([[ 1.],\n",
      "       [ 2.],\n",
      "       [ 3.],\n",
      "       [ 4.],\n",
      "       [ 5.],\n",
      "       [ 6.],\n",
      "       [ 7.],\n",
      "       [ 8.],\n",
      "       [ 9.],\n",
      "       [10.],\n",
      "       [11.],\n",
      "       [12.],\n",
      "       [13.],\n",
      "       [14.],\n",
      "       [15.],\n",
      "       [16.],\n",
      "       [17.],\n",
      "       [18.],\n",
      "       [19.],\n",
      "       [20.],\n",
      "       [21.],\n",
      "       [22.],\n",
      "       [23.],\n",
      "       [24.],\n",
      "       [25.],\n",
      "       [26.],\n",
      "       [27.],\n",
      "       [28.],\n",
      "       [29.],\n",
      "       [30.],\n",
      "       [31.],\n",
      "       [32.],\n",
      "       [33.],\n",
      "       [34.],\n",
      "       [35.],\n",
      "       [36.],\n",
      "       [37.],\n",
      "       [38.],\n",
      "       [39.],\n",
      "       [40.],\n",
      "       [41.],\n",
      "       [42.],\n",
      "       [43.],\n",
      "       [44.],\n",
      "       [45.]]), 'bic': 286.99820659921323, 'aicc': 283.722510258206, 'ic': None, 'x': array([ 73.42863636,  81.63611111,  79.90636364,  77.1135    ,\n",
      "        84.6385    ,  82.58      ,  81.21608696,  88.7447619 ,\n",
      "        85.6852381 ,  97.8647619 ,  98.135     ,  93.0205    ,\n",
      "       105.16894737, 111.16555556, 112.71782609, 112.58      ,\n",
      "       112.48952381, 106.45857143, 110.55190476, 121.38090909,\n",
      "       123.11857143, 130.0415    , 131.9185    , 135.07142857,\n",
      "       131.45904762, 123.22684211, 128.08954545, 123.36894737,\n",
      "       122.66045455, 124.91571429, 132.18190476, 126.21608696,\n",
      "       132.75095238, 135.8345    , 140.851     , 143.64428571,\n",
      "       142.23181818, 149.96666667, 152.52869565, 157.5       ,\n",
      "       162.29272727, 152.18333333, 147.9452381 , 158.04608696,\n",
      "       174.173     ]), 'lambda': None}\n",
      "(0, 0, 0) None\n",
      "(0, 0, 0) None\n",
      "{'trend': None, 'seasonal': None, 'damped_trend': False, 'sp': 1}\n",
      "1 ACUCAR_SP\n",
      "<class 'pandas.core.series.Series'>\n",
      "<class 'pandas.core.series.Series'>\n",
      "AutoARIMA <class 'statsforecast.models.AutoARIMA'>\n",
      "AutoETS <class 'statsforecast.models.AutoETS'>\n",
      "{'coef': {'ma1': 0.517732979639632, 'sma1': 0.15408497351429198}, 'sigma2': 13.902615347745323, 'var_coef': array([[0.00543478, 0.        ],\n",
      "       [0.        , 0.00543478]]), 'mask': array([ True,  True]), 'loglik': -502.53040256179384, 'aic': 1011.0608051235877, 'arma': (0, 1, 0, 1, 12, 1, 0), 'residuals': array([  0.02815665,  -2.68981467,   0.08453269,   5.336638  ,\n",
      "        -7.76549554,   0.87620538,  -1.20925908,   1.66269247,\n",
      "        -2.60516385,  -0.11734407,   3.46447036,   4.51191256,\n",
      "        -7.83652211,   8.61093361,  -2.99465717,   2.88062831,\n",
      "        -2.00034436,   0.40525331,   2.18965367,   0.23406049,\n",
      "        -1.88837798,   0.5811345 ,   3.64656464,  -2.45964331,\n",
      "        -5.29016525,   1.9195047 ,   1.83932452,   0.16881868,\n",
      "         1.27244434,   1.33310995,  -0.47331686,   4.90969226,\n",
      "         6.3819441 ,   0.49848206,  -0.69226225,  -0.66296517,\n",
      "        -0.69620876,   1.64231709,  -0.75300451,  -5.93458228,\n",
      "        -3.24632716,   0.70769245,  -1.24919394,   0.23605526,\n",
      "        -1.49192515,  -1.63709017,   0.65078916,  -1.01314874,\n",
      "        -4.62261539,  -1.42691855,   0.1692264 ,   1.68245596,\n",
      "         0.03974013,  -1.11478299,   0.07564039,   0.41600907,\n",
      "         1.40769052,   0.80760481,   0.84664554,   0.34178661,\n",
      "        -0.78428346,   0.43987511,   1.00291958,   0.91939954,\n",
      "         1.18727019,  -0.13496141,  -0.2375668 ,   1.03786122,\n",
      "         4.37007399,   5.54008341,   0.39971933,  -2.2313912 ,\n",
      "        -0.62715487,  -2.10801327,   0.18017127,   3.65913687,\n",
      "         7.91783012,  -2.39657392,   0.22241926,   2.25937926,\n",
      "        10.18008686,  -4.81105463,  -0.92679067,  -5.12892926,\n",
      "       -16.96555913,   5.80133099,  -2.44937367,   6.11543038,\n",
      "         5.98503323,  11.412864  ,  -2.19740117,   1.0637872 ,\n",
      "        -1.53759782,  -0.31263354,  -4.0079245 ,  -1.37645406,\n",
      "        -2.7777033 ,  -2.91491812,  10.84376048,  -2.20574897,\n",
      "        -3.55148853,  -2.87749766,   2.10540217,  -1.41784284,\n",
      "        -0.65041557,  -2.43127628,   0.14328665,  -0.44481622,\n",
      "        -1.08853155,   1.77294106,  -0.51242386,  -1.14413241,\n",
      "        -4.9113842 ,   3.9909436 ,  -2.53319286,   0.27947202,\n",
      "        -0.24989974,  -0.28001779,  -2.60464912,   0.56984884,\n",
      "         0.24759756,  -0.62917839,   0.5080398 ,  -0.97722043,\n",
      "         3.15140701,   3.57759211,  -0.61330808,  -0.40450011,\n",
      "        -0.54776313,   0.43499547,   1.67880628,  -0.90353507,\n",
      "         0.17596494,  -1.97240422,  -1.47088125,  -0.65977208,\n",
      "        -0.85606271,   2.51836194,   1.8469997 ,   0.3015013 ,\n",
      "        -1.1087833 ,  -0.3853066 ,   0.76499429,   0.21323185,\n",
      "        -0.44443132,  -1.64121345,   0.04670798,  -0.74723821,\n",
      "         4.73093331,  11.14708084,   5.20702606,   1.23113937,\n",
      "         2.68939316,  -3.73693295,  -1.94685267,  -0.54911513,\n",
      "         0.02314561,   8.53397659,  -1.58030482,   0.16225879,\n",
      "         1.19444376,   7.37732791,  -5.37556739,  -3.82393378,\n",
      "        -2.57051641,  -3.11037441,  -3.52827747,  -1.13610354,\n",
      "         3.31308394,  -7.74333058,  -7.49974663,  -2.77271282,\n",
      "        -0.77724775,   1.39948006,   9.27343234,   0.45846313,\n",
      "        -7.29412444,  -3.18815553,   0.52985784,   3.75124711,\n",
      "        -2.97534161,   5.99640537,  -4.02121535,  -0.51268371,\n",
      "         9.80350498]), 'code': 2, 'n_cond': 0, 'nobs': 184, 'model': {'phi': array([], dtype=float64), 'theta': array([0.51773298, 0.        , 0.        , 0.        , 0.        ,\n",
      "       0.        , 0.        , 0.        , 0.        , 0.        ,\n",
      "       0.        , 0.15408497, 0.07977487]), 'delta': array([1.]), 'Z': array([1., 0., 0., 0., 0., 0., 0., 0., 0., 0., 0., 0., 0., 0., 1.]), 'a': array([ 9.1971167 ,  5.22923185,  1.54053992,  0.81042916, -1.08734113,\n",
      "       -1.07313471, -0.17269157,  0.62028015, -0.15920017,  0.68659847,\n",
      "       -0.14124639, -0.3997888 ,  1.46967353,  0.78207336, 51.49130435]), 'P': array([[ 0.00000000e+00,  0.00000000e+00,  0.00000000e+00,\n",
      "         0.00000000e+00,  0.00000000e+00,  0.00000000e+00,\n",
      "         0.00000000e+00,  0.00000000e+00,  0.00000000e+00,\n",
      "         0.00000000e+00,  0.00000000e+00, -2.02417468e-25,\n",
      "         0.00000000e+00,  0.00000000e+00, -1.31367429e-24],\n",
      "       [ 0.00000000e+00,  0.00000000e+00, -3.14695857e-26,\n",
      "        -5.41003982e-28, -1.04494788e-27, -2.01831432e-27,\n",
      "        -3.89836923e-27, -7.52969075e-27, -1.45435795e-26,\n",
      "        -2.80908887e-26, -5.42574837e-26, -1.04798199e-25,\n",
      "         0.00000000e+00,  0.00000000e+00, -1.41028201e-24],\n",
      "       [ 0.00000000e+00, -3.14695857e-26, -5.59773336e-50,\n",
      "         3.11894901e-26, -2.86985927e-42, -7.76760890e-51,\n",
      "        -7.17464818e-43,  3.58732405e-43, -1.25556343e-42,\n",
      "         1.79366203e-43, -2.68211947e-52, -1.09508656e-52,\n",
      "         4.37205121e-43, -4.31585236e-29, -5.90342555e-49],\n",
      "       [ 0.00000000e+00, -5.41003982e-28,  3.11894901e-26,\n",
      "        -5.59770410e-50, -3.11894901e-26,  2.86985924e-42,\n",
      "        -7.76549986e-51,  7.17464810e-43,  7.17464812e-43,\n",
      "         1.79366202e-43, -8.96831022e-44, -8.96831019e-44,\n",
      "        -2.24207754e-44, -8.33605842e-29, -5.88868884e-49],\n",
      "       [ 0.00000000e+00, -1.04494788e-27, -2.86985927e-42,\n",
      "        -3.11894901e-26, -5.59759490e-50,  3.11894901e-26,\n",
      "        -2.86985927e-42, -7.75763173e-51, -7.17464818e-43,\n",
      "         3.58732405e-43, -1.79366204e-43,  1.79366203e-43,\n",
      "         4.48415509e-44, -1.61010767e-28, -5.86022491e-49],\n",
      "       [ 0.00000000e+00, -2.01831432e-27, -7.76760890e-51,\n",
      "         2.86985924e-42,  3.11894901e-26, -5.59718754e-50,\n",
      "        -3.11894901e-26,  2.86985924e-42, -7.72827821e-51,\n",
      "         7.17464810e-43, -3.58732409e-43,  1.79366203e-43,\n",
      "         0.00000000e+00, -3.10991908e-28, -5.80524691e-49],\n",
      "       [ 0.00000000e+00, -3.89836923e-27, -7.17464818e-43,\n",
      "        -7.76549986e-51, -2.86985927e-42, -3.11894901e-26,\n",
      "        -5.59566782e-50,  3.11894901e-26, -2.86985927e-42,\n",
      "        -7.61876956e-51, -7.17464817e-43,  3.58732405e-43,\n",
      "        -1.79366203e-43, -6.00680119e-28, -5.69905704e-49],\n",
      "       [ 0.00000000e+00, -7.52969075e-27,  3.58732405e-43,\n",
      "         7.17464810e-43, -7.75763173e-51,  2.86985924e-42,\n",
      "         3.11894901e-26, -5.58999819e-50, -3.11894901e-26,\n",
      "         2.86985924e-42, -7.21022748e-51,  7.17464811e-43,\n",
      "        -3.58732407e-43, -1.16021220e-27, -5.49395155e-49],\n",
      "       [ 0.00000000e+00, -1.45435795e-26, -1.25556343e-42,\n",
      "         7.17464812e-43, -7.17464818e-43, -7.72827821e-51,\n",
      "        -2.86985927e-42, -3.11894901e-26, -5.56884662e-50,\n",
      "         3.11894901e-26, -1.39265370e-50, -1.43492963e-42,\n",
      "         7.17464814e-43, -2.24094706e-27, -5.09779080e-49],\n",
      "       [ 0.00000000e+00, -2.80908887e-26,  1.79366203e-43,\n",
      "         1.79366202e-43,  3.58732405e-43,  7.17464810e-43,\n",
      "        -7.61876956e-51,  2.86985924e-42,  3.11894901e-26,\n",
      "        -5.48993682e-50, -3.11894901e-26,  2.86985924e-42,\n",
      "         0.00000000e+00, -4.32838384e-27, -4.33260727e-49],\n",
      "       [ 0.00000000e+00, -5.42574837e-26, -2.68211947e-52,\n",
      "        -8.96831022e-44, -1.79366204e-43, -3.58732409e-43,\n",
      "        -7.17464817e-43, -7.21022748e-51, -1.39265370e-50,\n",
      "        -3.11894901e-26, -5.19554937e-50,  3.11894901e-26,\n",
      "        -2.86985925e-42, -8.36026293e-27, -2.85465713e-49],\n",
      "       [-2.02417468e-25, -1.04798199e-25, -1.09508656e-52,\n",
      "        -8.96831019e-44,  1.79366203e-43,  1.79366203e-43,\n",
      "         3.58732405e-43,  7.17464811e-43, -1.43492963e-42,\n",
      "         2.86985924e-42,  3.11894901e-26, -4.09728312e-50,\n",
      "        -3.11894901e-26, -1.61478277e-26,  2.02417468e-25],\n",
      "       [ 0.00000000e+00,  0.00000000e+00,  4.37205121e-43,\n",
      "        -2.24207754e-44,  4.48415509e-44,  0.00000000e+00,\n",
      "        -1.79366203e-43, -3.58732407e-43,  7.17464814e-43,\n",
      "         0.00000000e+00, -2.86985925e-42, -3.11894901e-26,\n",
      "         0.00000000e+00,  0.00000000e+00, -2.02417468e-25],\n",
      "       [ 0.00000000e+00,  0.00000000e+00, -4.31585236e-29,\n",
      "        -8.33605842e-29, -1.61010767e-28, -3.10991908e-28,\n",
      "        -6.00680119e-28, -1.16021220e-27, -2.24094706e-27,\n",
      "        -4.32838384e-27, -8.36026293e-27, -1.61478277e-26,\n",
      "         0.00000000e+00,  0.00000000e+00, -2.17303266e-25],\n",
      "       [-1.31367429e-24, -1.41028201e-24, -5.90342555e-49,\n",
      "        -5.88868884e-49, -5.86022491e-49, -5.80524691e-49,\n",
      "        -5.69905704e-49, -5.49395155e-49, -5.09779080e-49,\n",
      "        -4.33260727e-49, -2.85465713e-49,  2.02417468e-25,\n",
      "        -2.02417468e-25, -2.17303266e-25,  1.31367429e-24]]), 'T': array([[0., 1., 0., 0., 0., 0., 0., 0., 0., 0., 0., 0., 0., 0., 0.],\n",
      "       [0., 0., 1., 0., 0., 0., 0., 0., 0., 0., 0., 0., 0., 0., 0.],\n",
      "       [0., 0., 0., 1., 0., 0., 0., 0., 0., 0., 0., 0., 0., 0., 0.],\n",
      "       [0., 0., 0., 0., 1., 0., 0., 0., 0., 0., 0., 0., 0., 0., 0.],\n",
      "       [0., 0., 0., 0., 0., 1., 0., 0., 0., 0., 0., 0., 0., 0., 0.],\n",
      "       [0., 0., 0., 0., 0., 0., 1., 0., 0., 0., 0., 0., 0., 0., 0.],\n",
      "       [0., 0., 0., 0., 0., 0., 0., 1., 0., 0., 0., 0., 0., 0., 0.],\n",
      "       [0., 0., 0., 0., 0., 0., 0., 0., 1., 0., 0., 0., 0., 0., 0.],\n",
      "       [0., 0., 0., 0., 0., 0., 0., 0., 0., 1., 0., 0., 0., 0., 0.],\n",
      "       [0., 0., 0., 0., 0., 0., 0., 0., 0., 0., 1., 0., 0., 0., 0.],\n",
      "       [0., 0., 0., 0., 0., 0., 0., 0., 0., 0., 0., 1., 0., 0., 0.],\n",
      "       [0., 0., 0., 0., 0., 0., 0., 0., 0., 0., 0., 0., 1., 0., 0.],\n",
      "       [0., 0., 0., 0., 0., 0., 0., 0., 0., 0., 0., 0., 0., 1., 0.],\n",
      "       [0., 0., 0., 0., 0., 0., 0., 0., 0., 0., 0., 0., 0., 0., 0.],\n",
      "       [1., 0., 0., 0., 0., 0., 0., 0., 0., 0., 0., 0., 0., 0., 1.]]), 'V': array([[1.        , 0.51773298, 0.        , 0.        , 0.        ,\n",
      "        0.        , 0.        , 0.        , 0.        , 0.        ,\n",
      "        0.        , 0.        , 0.15408497, 0.07977487, 0.        ],\n",
      "       [0.51773298, 0.26804744, 0.        , 0.        , 0.        ,\n",
      "        0.        , 0.        , 0.        , 0.        , 0.        ,\n",
      "        0.        , 0.        , 0.07977487, 0.04130208, 0.        ],\n",
      "       [0.        , 0.        , 0.        , 0.        , 0.        ,\n",
      "        0.        , 0.        , 0.        , 0.        , 0.        ,\n",
      "        0.        , 0.        , 0.        , 0.        , 0.        ],\n",
      "       [0.        , 0.        , 0.        , 0.        , 0.        ,\n",
      "        0.        , 0.        , 0.        , 0.        , 0.        ,\n",
      "        0.        , 0.        , 0.        , 0.        , 0.        ],\n",
      "       [0.        , 0.        , 0.        , 0.        , 0.        ,\n",
      "        0.        , 0.        , 0.        , 0.        , 0.        ,\n",
      "        0.        , 0.        , 0.        , 0.        , 0.        ],\n",
      "       [0.        , 0.        , 0.        , 0.        , 0.        ,\n",
      "        0.        , 0.        , 0.        , 0.        , 0.        ,\n",
      "        0.        , 0.        , 0.        , 0.        , 0.        ],\n",
      "       [0.        , 0.        , 0.        , 0.        , 0.        ,\n",
      "        0.        , 0.        , 0.        , 0.        , 0.        ,\n",
      "        0.        , 0.        , 0.        , 0.        , 0.        ],\n",
      "       [0.        , 0.        , 0.        , 0.        , 0.        ,\n",
      "        0.        , 0.        , 0.        , 0.        , 0.        ,\n",
      "        0.        , 0.        , 0.        , 0.        , 0.        ],\n",
      "       [0.        , 0.        , 0.        , 0.        , 0.        ,\n",
      "        0.        , 0.        , 0.        , 0.        , 0.        ,\n",
      "        0.        , 0.        , 0.        , 0.        , 0.        ],\n",
      "       [0.        , 0.        , 0.        , 0.        , 0.        ,\n",
      "        0.        , 0.        , 0.        , 0.        , 0.        ,\n",
      "        0.        , 0.        , 0.        , 0.        , 0.        ],\n",
      "       [0.        , 0.        , 0.        , 0.        , 0.        ,\n",
      "        0.        , 0.        , 0.        , 0.        , 0.        ,\n",
      "        0.        , 0.        , 0.        , 0.        , 0.        ],\n",
      "       [0.        , 0.        , 0.        , 0.        , 0.        ,\n",
      "        0.        , 0.        , 0.        , 0.        , 0.        ,\n",
      "        0.        , 0.        , 0.        , 0.        , 0.        ],\n",
      "       [0.15408497, 0.07977487, 0.        , 0.        , 0.        ,\n",
      "        0.        , 0.        , 0.        , 0.        , 0.        ,\n",
      "        0.        , 0.        , 0.02374218, 0.01229211, 0.        ],\n",
      "       [0.07977487, 0.04130208, 0.        , 0.        , 0.        ,\n",
      "        0.        , 0.        , 0.        , 0.        , 0.        ,\n",
      "        0.        , 0.        , 0.01229211, 0.00636403, 0.        ],\n",
      "       [0.        , 0.        , 0.        , 0.        , 0.        ,\n",
      "        0.        , 0.        , 0.        , 0.        , 0.        ,\n",
      "        0.        , 0.        , 0.        , 0.        , 0.        ]]), 'h': 0.0, 'Pn': array([[ 1.00000000e+00,  5.17732980e-01,  5.41003982e-28,\n",
      "         1.04494788e-27,  2.01831432e-27,  3.89836923e-27,\n",
      "         7.52969075e-27,  1.45435795e-26,  2.80908887e-26,\n",
      "         5.42574837e-26,  1.04798199e-25,  0.00000000e+00,\n",
      "         1.54084974e-01,  7.97748725e-02,  1.41028201e-24],\n",
      "       [ 5.17732980e-01,  2.68047438e-01, -3.11894901e-26,\n",
      "         2.86985924e-42, -7.76760890e-51,  7.17464810e-43,\n",
      "        -3.58732409e-43,  1.79366202e-43,  2.95954236e-42,\n",
      "         4.48415506e-44, -1.09508656e-52, -4.37205121e-43,\n",
      "         7.97748725e-02,  4.13020824e-02, -5.90342555e-49],\n",
      "       [ 5.41003982e-28, -3.11894901e-26, -5.59770410e-50,\n",
      "         3.11894901e-26, -2.86985927e-42, -7.76549986e-51,\n",
      "        -7.17464818e-43,  3.58732405e-43, -1.25556343e-42,\n",
      "         1.79366203e-43, -2.11515705e-52,  0.00000000e+00,\n",
      "         8.33605842e-29,  0.00000000e+00, -5.88868884e-49],\n",
      "       [ 1.04494788e-27,  2.86985924e-42,  3.11894901e-26,\n",
      "        -5.59759490e-50, -3.11894901e-26,  2.86985924e-42,\n",
      "        -7.75763173e-51,  7.17464810e-43,  7.17464812e-43,\n",
      "         1.79366202e-43, -8.96831021e-44, -8.96831017e-44,\n",
      "         1.61010767e-28,  0.00000000e+00, -5.86022491e-49],\n",
      "       [ 2.01831432e-27, -7.76760890e-51, -2.86985927e-42,\n",
      "        -3.11894901e-26, -5.59718754e-50,  3.11894901e-26,\n",
      "        -2.86985927e-42, -7.72827821e-51, -7.17464818e-43,\n",
      "         3.58732405e-43, -1.79366204e-43,  1.79366203e-43,\n",
      "         3.10991908e-28,  0.00000000e+00, -5.80524691e-49],\n",
      "       [ 3.89836923e-27,  7.17464810e-43, -7.76549986e-51,\n",
      "         2.86985924e-42,  3.11894901e-26, -5.59566782e-50,\n",
      "        -3.11894901e-26,  2.86985924e-42, -7.61876956e-51,\n",
      "         7.17464810e-43, -3.58732408e-43,  1.79366203e-43,\n",
      "         6.00680119e-28,  0.00000000e+00, -5.69905704e-49],\n",
      "       [ 7.52969075e-27, -3.58732409e-43, -7.17464818e-43,\n",
      "        -7.75763173e-51, -2.86985927e-42, -3.11894901e-26,\n",
      "        -5.58999819e-50,  3.11894901e-26, -2.86985927e-42,\n",
      "        -7.21022748e-51, -7.17464817e-43,  3.58732407e-43,\n",
      "         1.16021220e-27,  0.00000000e+00, -5.49395155e-49],\n",
      "       [ 1.45435795e-26,  1.79366202e-43,  3.58732405e-43,\n",
      "         7.17464810e-43, -7.72827821e-51,  2.86985924e-42,\n",
      "         3.11894901e-26, -5.56884662e-50, -3.11894901e-26,\n",
      "         2.86985924e-42, -5.68608655e-51,  7.17464814e-43,\n",
      "         2.24094706e-27,  0.00000000e+00, -5.09779080e-49],\n",
      "       [ 2.80908887e-26,  2.95954236e-42, -1.25556343e-42,\n",
      "         7.17464812e-43, -7.17464818e-43, -7.61876956e-51,\n",
      "        -2.86985927e-42, -3.11894901e-26, -5.48993682e-50,\n",
      "         3.11894901e-26, -1.09826624e-50, -1.43492963e-42,\n",
      "         4.32838384e-27,  0.00000000e+00, -4.33260727e-49],\n",
      "       [ 5.42574837e-26,  4.48415506e-44,  1.79366203e-43,\n",
      "         1.79366202e-43,  3.58732405e-43,  7.17464810e-43,\n",
      "        -7.21022748e-51,  2.86985924e-42,  3.11894901e-26,\n",
      "        -5.19554937e-50, -3.11894901e-26,  2.86985925e-42,\n",
      "         8.36026293e-27,  0.00000000e+00, -2.85465713e-49],\n",
      "       [ 1.04798199e-25, -1.09508656e-52, -2.11515705e-52,\n",
      "        -8.96831021e-44, -1.79366204e-43, -3.58732408e-43,\n",
      "        -7.17464817e-43, -5.68608655e-51, -1.09826624e-50,\n",
      "        -3.11894901e-26, -4.09728312e-50,  3.11894901e-26,\n",
      "         1.61478277e-26,  0.00000000e+00,  0.00000000e+00],\n",
      "       [ 0.00000000e+00, -4.37205121e-43,  0.00000000e+00,\n",
      "        -8.96831017e-44,  1.79366203e-43,  1.79366203e-43,\n",
      "         3.58732407e-43,  7.17464814e-43, -1.43492963e-42,\n",
      "         2.86985925e-42,  3.11894901e-26,  0.00000000e+00,\n",
      "         0.00000000e+00,  0.00000000e+00,  2.02417468e-25],\n",
      "       [ 1.54084974e-01,  7.97748725e-02,  8.33605842e-29,\n",
      "         1.61010767e-28,  3.10991908e-28,  6.00680119e-28,\n",
      "         1.16021220e-27,  2.24094706e-27,  4.32838384e-27,\n",
      "         8.36026293e-27,  1.61478277e-26,  0.00000000e+00,\n",
      "         2.37421791e-02,  1.22921091e-02,  2.17303266e-25],\n",
      "       [ 7.97748725e-02,  4.13020824e-02,  0.00000000e+00,\n",
      "         0.00000000e+00,  0.00000000e+00,  0.00000000e+00,\n",
      "         0.00000000e+00,  0.00000000e+00,  0.00000000e+00,\n",
      "         0.00000000e+00,  0.00000000e+00,  0.00000000e+00,\n",
      "         1.22921091e-02,  6.36403028e-03,  0.00000000e+00],\n",
      "       [ 1.41028201e-24, -5.90342555e-49, -5.88868884e-49,\n",
      "        -5.86022491e-49, -5.80524691e-49, -5.69905704e-49,\n",
      "        -5.49395155e-49, -5.09779080e-49, -4.33260727e-49,\n",
      "        -2.85465713e-49,  0.00000000e+00,  2.02417468e-25,\n",
      "         2.17303266e-25,  0.00000000e+00,  1.31367429e-24]])}, 'bic': 1020.7056123964146, 'aicc': 1011.194138456921, 'ic': None, 'xreg': None, 'x': array([28.15666667, 25.092     , 23.92863636, 29.41      , 24.31363636,\n",
      "       21.14043478, 20.3755    , 21.4245    , 19.65952381, 18.17611111,\n",
      "       21.62      , 28.        , 22.42333333, 26.57      , 27.84714286,\n",
      "       30.00409091, 28.72761905, 27.6195    , 29.9045    , 31.43047619,\n",
      "       29.39714286, 28.77722222, 33.24409091, 33.6325    , 26.24095238,\n",
      "       26.13181818, 29.18857143, 30.51478261, 31.79619048, 33.691     ,\n",
      "       34.2775    , 39.15285714, 47.80454545, 51.54611111, 51.72      ,\n",
      "       50.61055556, 48.56      , 49.71571429, 50.24952381, 44.09782609,\n",
      "       37.9885    , 37.32238095, 36.473     , 36.78105263, 36.78636364,\n",
      "       34.96277778, 34.69909091, 33.8655    , 28.55818182, 24.9355    ,\n",
      "       24.38095238, 25.17652174, 25.11368421, 23.86954545, 23.232     ,\n",
      "       23.62388889, 25.03590909, 26.20105263, 27.4355    , 28.11142857,\n",
      "       26.711     , 26.15619048, 27.29909091, 29.01047619, 30.81409091,\n",
      "       31.12521739, 30.7405    , 31.7255    , 36.883     , 44.92235294,\n",
      "       48.3852381 , 46.481     , 44.605     , 42.1775    , 41.45590909,\n",
      "       45.43      , 55.49857143, 57.2752381 , 56.2095    , 58.725     ,\n",
      "       70.831     , 72.49277778, 69.57869565, 63.658     , 43.76238095,\n",
      "       40.4052381 , 40.819     , 46.2445    , 56.90761905, 71.6815    ,\n",
      "       75.236     , 75.528     , 76.29      , 75.25210526, 70.55571429,\n",
      "       66.24      , 59.72636364, 54.91380952, 64.33380952, 68.48913043,\n",
      "       65.20571429, 62.7255    , 63.913     , 63.57380952, 62.03727273,\n",
      "       59.09842105, 57.34045455, 56.438     , 54.58136364, 55.12      ,\n",
      "       56.96380952, 56.07956522, 49.85263158, 50.57409091, 50.202     ,\n",
      "       49.11944444, 48.80090909, 47.965     , 45.0435    , 44.20772727,\n",
      "       44.54714286, 44.2325    , 44.47727273, 43.54590909, 45.34333333,\n",
      "       50.77565217, 51.94263158, 51.06157895, 50.28818182, 50.3765    ,\n",
      "       51.85684211, 51.7025    , 51.49428571, 49.53578947, 47.07181818,\n",
      "       45.54047619, 44.75045455, 47.62826087, 50.97      , 52.1165    ,\n",
      "       51.04714286, 50.11111111, 50.97      , 51.574     , 51.195     ,\n",
      "       49.03380952, 47.84681818, 46.9047619 , 51.06428571, 64.98047619,\n",
      "       76.44421053, 80.565     , 83.745     , 81.25263158, 77.45818182,\n",
      "       75.995     , 75.68238095, 83.94      , 86.65428571, 85.88695652,\n",
      "       87.8347619 , 97.9255    , 98.061     , 92.05904762, 88.02136364,\n",
      "       83.21888889, 77.48217391, 74.27944444, 76.96409091, 72.25285714,\n",
      "       61.18142857, 54.42478261, 52.409     , 54.63809524, 64.39631579,\n",
      "       68.63789474, 60.88      , 53.23111111, 51.31857143, 54.88761905,\n",
      "       54.27428571, 57.80142857, 55.11142857, 51.49130435, 60.68842105]), 'lambda': None}\n",
      "(0, 1, 0) None\n",
      "(0, 1, 0) None\n",
      "{'trend': None, 'seasonal': None, 'damped_trend': False, 'sp': 1}\n",
      "2 ALGODAO\n",
      "<class 'pandas.core.series.Series'>\n",
      "<class 'pandas.core.series.Series'>\n",
      "AutoARIMA <class 'statsforecast.models.AutoARIMA'>\n",
      "AutoETS <class 'statsforecast.models.AutoETS'>\n",
      "{'coef': {'ar1': 0.3397818989677083, 'ar2': 1.016704480126339, 'ar3': -0.39316869413275957, 'ar4': -0.2598663676358307, 'ar5': 0.15538415307904674, 'ma1': 0.019236323316743825, 'ma2': -0.9560441695306662}, 'sigma2': 145.87937185589334, 'var_coef': array([[ 0.001449  ,  0.00013788, -0.00251265,  0.0001539 ,  0.00083474,\n",
      "         0.        ,  0.        ],\n",
      "       [ 0.00013788,  0.00334349, -0.0011845 , -0.00303886,  0.0009481 ,\n",
      "         0.        ,  0.        ],\n",
      "       [-0.00251265, -0.0011845 ,  0.00651019,  0.00052813, -0.00385227,\n",
      "         0.        ,  0.        ],\n",
      "       [ 0.0001539 , -0.00303886,  0.00052813,  0.00380242, -0.00120695,\n",
      "         0.        ,  0.        ],\n",
      "       [ 0.00083474,  0.0009481 , -0.00385227, -0.00120695,  0.00393388,\n",
      "         0.        ,  0.        ],\n",
      "       [ 0.        ,  0.        ,  0.        ,  0.        ,  0.        ,\n",
      "         0.00413223,  0.        ],\n",
      "       [ 0.        ,  0.        ,  0.        ,  0.        ,  0.        ,\n",
      "         0.        ,  0.00413223]]), 'mask': array([ True,  True,  True,  True,  True,  True,  True]), 'loglik': -943.8985680319468, 'aic': 1903.7971360638935, 'arma': (5, 2, 0, 0, 1, 1, 0), 'residuals': array([ 8.11899469e-02, -1.23134672e+00,  5.52965142e-02,  3.80280431e+00,\n",
      "        2.40448862e+00, -8.98140900e-01,  2.90658068e-02,  1.41714279e+00,\n",
      "        2.76389387e-01, -2.29629667e+00,  2.43582775e+00, -2.36219574e+00,\n",
      "        2.32999799e+00,  2.45914011e+00, -6.33583802e+00,  8.14900902e-01,\n",
      "        2.77690787e-01, -3.02012542e+00,  1.51176210e-01,  2.54973305e+00,\n",
      "       -4.07005138e+00, -4.25288275e+00, -2.47563654e-01,  5.35352220e+00,\n",
      "       -7.08778203e-03, -4.18293811e+00, -2.34208327e+00,  1.45731838e+00,\n",
      "        1.70245321e+00,  2.28551919e+00,  9.23165679e-01,  6.05413174e+00,\n",
      "        1.94605149e+01, -1.52307183e+01, -1.51770587e+01,  1.20939078e+01,\n",
      "        1.86772361e+00, -2.57364401e+00,  4.43867486e+00, -1.47420392e+00,\n",
      "       -2.15784544e+00,  5.99417414e+00,  5.02500762e+00, -3.41106243e+00,\n",
      "        1.57231921e-01,  1.50382316e+00, -6.33478428e-01, -5.83663999e+00,\n",
      "        9.96508766e-02,  2.92973103e+00, -8.52938459e-02, -3.55397038e+00,\n",
      "        1.36585035e+00,  5.14001003e+00,  4.43121041e+00, -2.46821747e+00,\n",
      "       -3.61823859e+00, -1.64286410e+00,  2.76811954e+00, -4.22880764e+00,\n",
      "        3.09596534e-01,  1.22414311e-01,  7.60187709e-01, -1.41040715e+00,\n",
      "       -8.67060765e-01, -3.44230055e+00,  6.48768379e+00,  2.92254430e+00,\n",
      "        5.71361068e+00, -5.27528493e+00,  6.50726414e-01,  3.43250519e-01,\n",
      "        2.88809394e+00,  5.29248717e+00,  1.67239803e+01,  1.30526574e+01,\n",
      "       -9.75351717e-01,  1.28163234e+01,  1.90194900e+01,  2.28499707e+00,\n",
      "       -6.86784044e+00,  5.06832176e+00,  1.88181915e+01, -2.13351476e+01,\n",
      "       -3.58980477e+00,  6.57727947e+00,  1.90087220e+01, -9.63129904e+00,\n",
